114-1 2.33 1.67 1.67 2.00 
114-2 2.67 2.33 2.00 3.00 
114-3 1.67 2.00 2.67 3.33 
114-4 2.67 4.00 3.00 5.00 
114-5 3.00 4.00 3.00 5.00 
114-6 2.00 1.67 2.67 1.67 
114-7 2.00 1.67 2.67 1.67 
114-8 2.00 1.67 1.67 4.00 
114-9 3.00 1.33 2.33 2.00 
114-10 3.00 1.00 2.33 2.00 
114-11 3.00 3.00 3.00 5.00 
114-12 3.00 3.33 3.00 5.00 
114-13 2.33 1.67 2.67 3.33 
114-14 2.33 2.33 2.33 2.33 
114-15 3.00 2.33 2.67 3.67 
114-16 3.00 3.67 3.00 4.33 
114-17 1.67 1.67 1.33 2.67 
114-18 3.00 3.67 3.00 5.00 
114-19 3.00 3.00 2.00 4.67 
114-20 2.67 2.67 2.00 3.67 
114-21 2.67 2.33 2.00 4.33 
114-22 2.33 2.67 2.00 4.00 
114-23 2.00 2.00 2.33 3.67 
114-24 3.00 3.00 1.33 2.67 
114-25 2.67 4.00 1.67 5.00 
114-26 2.00 2.00 2.67 2.67 
114-27 2.00 2.00 2.00 3.00 
114-28 3.00 4.00 1.00 5.00 
114-29 1.33 1.33 1.00 3.00 
114-30 2.67 4.00 2.67 5.00 
114-31 3.00 4.00 2.00 4.67 
114-32 2.00 3.33 1.00 4.33 
114-33 1.67 3.33 1.00 5.00 
114-34 3.00 4.00 1.00 3.67 
114-35 2.00 2.33 1.67 2.00 
114-36 2.33 2.00 1.00 4.00 
114-37 3.00 2.67 1.67 2.67 
114-38 2.67 2.67 1.67 5.00 
114-39 3.00 4.00 2.33 5.00 
114-40 3.00 4.00 3.00 4.33 
114-41 3.00 4.00 2.33 5.00 
114-42 2.00 2.67 2.00 3.67 
114-43 3.00 2.67 3.00 3.67 
114-44 2.00 2.67 2.00 3.00 
114-45 3.00 2.00 2.67 3.67 
114-46 1.33 2.67 1.00 2.67 
114-47 3.00 2.67 3.00 3.67 
114-48 2.00 1.00 2.00 1.33 
114-49 3.00 2.33 1.67 3.33 
114-50 2.33 2.00 3.00 3.00 
114-51 3.00 3.00 3.00 3.67 
114-52 3.00 3.33 2.67 3.67 
114-53 2.33 2.00 2.33 2.33 
114-54 2.00 3.33 2.33 3.00 
114-55 2.00 0.67 1.00 1.00 
114-56 1.00 0.67 1.00 0.67 
114-57 2.33 1.00 2.33 1.67 
114-58 2.33 2.00 1.67 1.33 
114-59 3.00 2.33 1.67 4.33 
114-60 3.00 2.00 3.00 1.67 
114-61 3.00 4.00 2.67 5.00 
114-62 3.00 3.00 1.67 3.67 
114-63 2.00 3.67 1.67 4.00 
114-64 2.00 1.00 1.67 2.00 
114-65 2.67 2.67 1.00 3.00 
114-66 3.00 3.67 3.00 4.00 
114-67 3.00 3.33 3.00 3.67 
114-68 1.00 1.00 2.00 1.00 
114-69 1.00 1.00 1.00 1.00 
114-70 1.00 0.67 0.67 1.00 
114-71 2.00 1.67 2.00 1.67 
114-72 2.67 2.00 2.00 2.67 
114-73 3.00 2.67 2.00 3.67 
114-74 2.00 3.33 2.67 4.33 
114-75 2.00 2.33 2.33 3.00 
114-76 3.00 4.00 3.00 5.00 
114-77 3.00 4.00 3.00 4.33 
114-78 2.33 3.00 2.00 3.67 
114-79 3.00 3.33 3.00 4.00 
114-80 3.00 4.00 2.00 5.00 
114-81 3.00 2.00 3.00 3.67 
114-82 3.00 2.00 3.00 2.00 
114-83 2.00 2.00 2.00 3.00 
114-84 3.00 3.67 2.67 5.00 
114-85 3.00 4.00 3.00 4.33 
114-86 3.00 4.00 2.33 5.00 
114-87 2.33 2.00 3.00 2.33 
114-88 3.00 3.33 2.67 2.67 
114-89 3.00 3.00 2.33 5.00 
114-90 3.00 2.67 3.00 3.00 
114-91 3.00 4.00 3.00 5.00 
114-92 2.33 2.33 3.00 2.00 
943-1 2.33 2.00 2.00 3.00 
943-2 1.67 2.00 1.67 2.00 
943-3 2.33 1.00 2.67 2.33 
943-4 2.00 2.33 1.33 2.33 
943-5 0.00 2.33 0.33 2.33 
943-6 3.00 2.67 2.33 4.33 
943-7 2.33 2.00 2.00 2.33 
943-8 1.67 1.00 1.33 1.67 
943-9 0.33 2.00 0.67 2.67 
943-10 3.00 1.33 2.67 3.33 
943-11 3.00 1.00 3.00 2.00 
943-12 2.33 2.00 2.33 2.67 
943-13 2.00 2.00 1.67 2.33 
943-14 1.67 2.00 1.33 2.67 
943-15 0.67 2.33 0.67 3.00 
943-16 2.33 2.00 3.00 3.00 
943-17 2.33 3.00 2.00 2.67 
943-18 1.00 1.67 1.00 1.67 
943-19 3.00 3.00 3.00 3.00 
943-20 1.67 1.00 1.67 1.67 
943-21 0.00 3.00 0.33 2.67 
943-22 0.00 2.67 0.67 2.33 
943-23 2.00 1.67 1.00 2.00 
943-24 2.00 1.33 1.67 3.00 
943-25 1.67 1.67 1.00 2.00 
943-26 1.67 2.00 2.00 2.00 
943-27 1.67 2.33 1.00 3.00 
943-28 0.00 3.00 1.00 2.00 
943-29 2.00 1.67 1.67 2.33 
943-30 2.33 2.00 1.67 2.33 
943-31 2.00 1.67 2.00 2.00 
943-32 2.67 2.67 1.67 2.67 
943-33 2.33 2.33 2.33 3.00 
943-34 0.00 1.67 0.67 2.00 
943-35 2.67 1.67 1.00 2.33 
943-36 3.00 1.67 2.67 2.33 
943-37 1.67 1.67 2.67 3.00 
943-38 1.67 1.67 1.00 2.33 
943-39 2.00 1.67 1.33 2.00 
943-40 3.00 3.00 2.00 3.00 
943-41 2.00 2.33 1.33 3.00 
943-42 2.33 1.67 1.33 2.00 
943-43 3.00 2.33 3.00 3.00 
943-44 1.67 2.33 2.00 3.33 
943-45 1.67 1.67 1.67 2.00 
943-46 2.67 1.67 2.00 2.67 
943-47 2.00 2.33 2.33 3.00 
943-48 3.00 2.33 2.33 3.00 
943-49 2.00 1.67 2.00 3.00 
943-50 0.33 2.33 1.33 2.00 
943-51 2.67 2.00 2.33 3.00 
943-52 2.67 1.67 2.00 2.33 
943-53 2.33 2.00 2.33 2.67 
943-54 1.33 1.67 1.33 1.33 
943-55 2.00 2.33 1.33 2.67 
943-56 1.67 2.00 1.67 2.67 
943-57 2.00 2.00 2.00 3.00 
943-58 2.00 2.33 2.00 2.33 
943-59 2.00 1.67 1.00 2.33 
943-60 2.67 2.33 3.00 3.33 
943-61 1.67 1.67 1.67 2.00 
943-62 0.67 2.00 1.67 3.67 
943-63 2.33 1.00 2.00 1.67 
943-64 2.33 2.00 2.33 2.33 
943-65 2.00 2.00 1.67 2.00 
943-66 2.00 1.67 1.33 2.67 
943-67 2.67 1.67 1.67 2.33 
943-68 1.33 1.67 1.00 2.33 
943-69 0.33 2.67 1.00 2.00 
943-70 0.33 1.67 0.33 2.00 
943-71 0.33 2.00 1.00 2.00 
943-72 1.67 1.00 1.00 2.33 
943-73 0.00 3.00 0.00 2.67 
943-74 1.33 1.67 1.00 2.33 
943-75 2.00 2.33 1.67 2.67 
943-76 2.33 2.33 2.33 3.33 
943-77 2.67 2.00 2.00 3.00 
943-78 1.67 3.00 1.33 3.67 
943-79 2.67 2.33 2.33 3.00 
943-80 2.33 2.00 2.67 3.00 
943-81 1.67 2.00 1.00 3.00 
943-82 3.00 2.67 3.00 3.00 
943-83 2.00 0.67 2.00 2.67 
943-84 0.33 1.67 1.00 2.00 
943-85 3.00 2.00 2.67 3.00 
943-86 2.00 2.00 2.00 3.33 
943-87 3.00 3.00 2.33 3.00 
943-88 2.67 1.67 2.33 2.00 
943-89 1.00 1.33 1.00 2.00 
943-90 3.00 2.33 2.33 2.67 
943-91 1.00 2.00 1.00 2.67 
943-92 1.67 2.33 1.00 2.67 
943-93 3.00 2.67 2.67 3.00 
943-94 3.00 2.00 2.33 2.67 
943-95 1.00 1.67 1.00 2.00 
943-96 2.33 2.00 1.33 3.00 
943-97 2.33 2.00 1.67 3.00 
943-98 0.00 2.67 0.33 2.33 
943-99 2.67 2.33 1.33 2.67 
943-100 2.67 3.00 3.00 3.00 
943-101 2.33 2.00 1.67 2.67 
943-102 0.00 3.00 0.67 2.33 
943-103 2.00 2.33 1.67 3.33 
943-104 2.67 2.00 2.00 3.00 
943-105 1.67 1.33 1.67 2.33 
943-106 2.67 1.67 2.67 3.00 
943-107 2.33 2.00 2.00 2.67 
943-108 1.67 2.33 1.00 3.00 
943-109 2.00 1.67 2.00 2.33 
943-110 2.33 2.00 2.00 2.67 
943-111 2.33 2.67 1.67 3.00 
943-112 2.67 1.00 2.33 1.00 
943-113 2.33 2.00 2.00 2.67 
943-114 1.67 0.67 1.33 1.00 
943-115 1.67 1.00 1.33 1.67 
943-116 3.00 2.33 3.00 2.67 
943-117 2.33 3.00 2.33 3.67 
943-118 2.67 1.67 2.00 2.33 
943-119 1.67 1.67 1.33 2.33 
943-120 2.00 2.00 2.33 3.67 
943-121 2.67 1.00 2.00 2.00 
943-122 1.67 2.00 1.00 3.00 
943-123 1.67 2.00 2.00 3.00 
943-124 1.67 2.00 1.00 3.00 
943-125 2.00 2.00 1.33 3.00 
943-126 0.33 3.00 1.00 2.00 
943-127 2.33 3.00 2.67 2.33 
943-128 2.33 2.00 1.67 2.67 
943-129 3.00 2.00 3.00 2.67 
943-130 2.00 2.67 1.67 3.33 
943-131 2.33 1.00 2.00 2.00 
943-132 2.67 2.33 2.67 3.00 
943-133 3.00 2.00 3.00 2.67 
943-134 1.00 3.00 1.00 3.00 
943-135 1.67 1.67 1.67 3.00 
943-136 2.00 3.00 1.67 3.00 
943-137 1.67 2.00 1.33 2.67 
943-138 1.67 1.67 1.00 2.00 
943-139 1.00 1.33 0.67 2.00 
943-140 3.00 2.67 3.00 3.00 
943-141 1.33 2.00 1.67 3.00 
943-142 1.67 2.00 1.00 3.00 
943-143 1.67 2.00 1.67 3.00 
943-144 1.67 1.67 1.33 2.33 
943-145 2.67 2.67 2.67 3.00 
943-146 1.00 0.67 1.00 1.33 
943-147 2.33 3.00 1.67 2.67 
943-148 2.33 3.00 1.33 3.33 
943-149 2.33 1.00 2.67 1.67 
943-150 1.67 1.67 1.33 1.33 
943-151 3.00 2.00 3.00 3.33 
943-152 3.00 1.67 2.67 2.00 
943-153 3.00 2.00 2.67 3.33 
943-154 0.00 2.33 0.33 1.67 
943-155 2.33 2.67 1.67 3.00 
943-156 3.00 0.67 2.00 2.00 
943-157 1.67 2.00 1.00 3.67 
943-158 2.33 1.33 1.33 1.67 
943-159 2.67 2.00 2.33 3.00 
943-160 0.67 2.67 0.67 2.33 
943-161 2.33 1.67 2.00 3.00 
943-162 2.33 1.67 2.00 2.33 
943-163 0.00 3.00 0.33 3.00 
943-164 3.00 2.33 3.00 3.00 
943-165 0.67 2.33 1.00 2.33 
943-166 1.67 2.00 1.33 3.33 
943-167 1.67 1.67 1.33 2.00 
943-168 2.67 1.67 3.00 3.33 
943-169 2.33 3.00 2.00 3.33 
943-170 3.00 3.00 3.00 3.00 
943-171 1.67 1.33 1.00 2.00 
943-172 2.00 2.67 1.67 3.00 
943-173 0.33 3.00 1.00 3.00 
943-174 0.33 2.00 1.67 3.33 
943-175 1.67 2.00 1.00 2.33 
943-176 2.33 2.00 2.33 3.00 
943-177 1.67 2.00 1.00 2.33 
943-178 2.00 2.33 1.67 2.67 
943-179 1.67 2.67 1.00 3.33 
943-180 3.00 1.67 3.00 2.67 
943-181 0.33 1.00 1.00 1.33 
943-182 2.33 2.33 2.33 3.00 
943-183 2.00 2.33 1.33 2.00 
943-184 2.33 2.33 2.33 3.00 
943-185 2.00 3.00 2.33 3.67 
943-186 0.00 3.00 0.67 2.00 
943-187 2.00 2.00 2.00 3.00 
943-188 1.00 2.67 1.33 3.00 
943-189 3.00 1.67 2.00 2.67 
943-190 2.00 1.00 1.67 1.33 
943-191 2.67 2.33 2.00 2.67 
943-192 2.33 2.00 1.67 3.00 
943-193 2.67 2.67 2.67 3.00 
943-194 1.00 2.67 2.00 3.00 
943-195 2.00 2.33 1.67 3.33 
943-196 1.67 1.33 1.33 2.00 
943-197 1.67 1.33 1.00 2.00 
943-198 0.33 2.00 1.33 2.00 
943-199 2.33 2.00 2.00 3.00 
943-200 2.33 2.00 3.00 2.67 
943-201 2.67 3.00 2.67 3.00 
943-202 0.00 2.67 0.67 2.00 
943-203 2.33 1.67 2.00 2.00 
943-204 2.00 1.67 2.00 2.00 
943-205 3.00 3.00 3.00 3.67 
943-206 1.67 1.00 1.67 1.67 
943-207 1.67 2.00 1.67 3.00 
943-208 1.67 2.00 1.33 3.00 
943-209 3.00 2.67 2.33 3.00 
943-210 0.33 1.33 1.33 2.67 
943-211 2.67 2.67 2.33 3.00 
943-212 2.33 2.00 2.00 3.33 
943-213 1.67 2.67 1.00 3.00 
943-214 2.33 2.00 1.67 2.33 
943-215 2.67 1.33 3.00 2.33 
943-216 1.67 1.67 1.00 2.67 
943-217 1.00 3.00 1.33 3.00 
943-218 1.00 1.33 1.00 1.67 
943-219 2.67 2.00 3.00 2.67 
943-220 3.00 2.33 3.00 2.67 
943-221 1.00 2.67 1.00 3.67 
943-222 2.67 3.00 2.33 3.00 
943-223 1.67 2.33 1.00 2.33 
943-224 0.00 3.00 1.00 2.33 
943-225 3.00 2.33 3.00 3.00 
943-226 0.33 2.00 1.33 3.33 
943-227 2.00 2.00 2.00 2.67 
943-228 2.33 2.00 1.67 2.67 
943-229 0.33 2.00 0.67 2.33 
943-230 2.33 2.33 1.33 3.00 
943-231 2.00 2.33 2.00 3.00 
943-232 2.00 2.00 2.00 3.00 
943-233 1.67 1.33 1.67 2.00 
943-234 2.67 1.67 2.00 3.00 
943-235 2.00 1.67 2.00 2.00 
943-236 2.67 2.67 2.00 3.00 
943-237 2.00 2.00 2.67 3.00 
943-238 1.00 3.00 2.00 3.00 
943-239 2.33 2.67 2.00 3.00 
943-240 1.67 2.00 1.00 3.00 
943-241 1.67 2.33 1.67 3.00 
943-242 1.67 2.33 1.00 3.00 
943-243 1.67 1.00 1.67 1.67 
943-244 0.00 3.00 0.67 2.33 
943-245 2.67 3.00 1.67 3.00 
943-246 2.33 2.67 1.67 3.00 
943-247 0.33 2.00 1.00 2.33 
943-248 1.67 1.33 1.00 2.33 
943-249 1.67 2.67 1.00 3.33 
943-250 1.67 2.00 1.67 2.33 
943-251 1.67 2.33 1.00 2.67 
943-252 1.67 0.67 1.67 1.33 
943-253 3.00 2.67 2.67 3.33 
943-254 2.00 2.33 2.00 3.00 
943-255 1.67 1.33 1.33 1.67 
943-256 1.67 1.33 1.33 2.00 
943-257 2.00 1.00 1.67 1.67 
943-258 2.33 2.00 2.00 2.33 
943-259 3.00 3.00 2.00 3.00 
943-260 1.67 3.00 1.00 3.00 
943-261 1.67 2.33 1.00 3.00 
943-262 2.67 2.33 3.00 3.00 
943-263 2.33 2.67 2.33 3.00 
943-264 1.00 1.33 1.67 1.33 
943-265 1.67 2.67 1.00 3.00 
943-266 2.00 2.33 1.33 3.00 
943-267 2.33 3.00 2.00 3.00 
943-268 1.67 2.33 1.33 2.67 
943-269 2.33 1.33 2.33 2.00 
943-270 0.00 3.00 1.00 2.33 
943-271 2.33 2.33 2.00 3.00 
943-272 2.00 2.00 2.33 3.00 
943-273 1.00 1.67 1.67 2.00 
943-274 2.00 2.00 2.67 3.00 
943-275 1.67 2.67 1.33 2.67 
943-276 3.00 3.00 3.00 3.00 
943-277 1.67 1.67 1.33 2.00 
943-278 2.67 2.00 2.67 3.00 
943-279 2.00 2.67 2.00 3.00 
943-280 1.67 2.67 1.00 3.00 
943-281 3.00 3.00 3.00 3.00 
943-282 1.67 3.00 1.33 2.33 
943-283 3.00 3.00 3.00 3.00 
943-284 1.67 1.67 1.33 2.33 
943-285 2.00 2.33 2.00 3.33 
943-286 1.67 1.33 1.67 2.00 
943-287 2.33 2.00 2.00 3.00 
943-288 3.00 3.00 3.00 3.00 
943-289 2.33 2.33 2.00 3.00 
943-290 1.00 1.67 1.33 2.00 
943-291 3.00 3.00 1.67 3.00 
943-292 0.33 2.00 1.33 2.00 
943-293 2.00 2.67 1.33 3.00 
943-294 2.33 2.67 1.33 3.00 
943-295 2.33 2.67 1.33 3.00 
943-296 1.67 2.00 1.67 2.67 
943-297 3.00 3.00 3.00 3.00 
943-298 0.00 3.00 1.00 3.00 
943-299 1.67 2.00 1.67 2.00 
943-300 2.67 3.00 2.33 3.00 
943-301 1.67 3.00 1.67 3.00 
943-302 2.67 2.33 2.00 3.33 
943-303 1.00 3.00 1.67 3.00 
943-304 2.33 3.00 2.00 3.00 
943-305 1.67 2.00 1.33 3.67 
943-306 2.33 3.00 1.67 3.00 
943-307 3.00 3.00 2.67 4.33 
943-308 1.67 2.00 1.33 2.67 
943-309 0.33 3.00 0.67 3.00 
943-310 2.33 3.00 1.67 3.00 
943-311 2.00 3.00 1.67 3.00 
943-312 0.33 1.33 0.67 1.67 
943-313 1.67 2.33 1.67 3.33 
943-314 2.67 2.67 2.67 3.00 
943-315 2.67 2.67 2.33 3.00 
943-316 2.67 2.33 2.00 2.67 
943-317 2.67 3.00 2.33 3.00 
943-318 1.67 2.00 1.33 2.00 
943-319 2.00 1.00 1.67 1.33 
943-320 1.67 2.00 1.33 2.33 
943-321 0.33 3.00 0.67 3.00 
943-322 1.00 1.33 1.00 2.00 
943-323 3.00 3.00 3.00 3.00 
943-324 0.33 2.67 1.00 2.33 
943-325 3.00 3.00 3.00 3.67 
943-326 0.33 1.33 0.67 1.67 
943-327 2.33 3.00 1.33 3.00 
943-328 2.67 2.00 2.33 2.67 
943-329 2.00 2.33 1.33 2.67 
943-330 2.00 2.33 1.67 3.00 
943-331 1.67 1.67 1.33 2.00 
943-332 2.33 2.33 2.00 3.00 
943-333 2.33 1.67 2.67 2.67 
943-334 1.67 2.33 1.00 3.00 
943-335 1.67 3.00 1.33 3.33 
943-336 2.00 2.33 1.00 4.00 
943-337 2.67 2.33 1.00 2.67 
943-338 1.67 2.33 2.00 2.67 
943-339 2.33 2.67 2.33 3.00 
943-340 2.33 2.00 1.67 2.67 
943-341 2.00 2.00 2.67 2.33 
943-342 1.67 1.67 1.00 2.33 
943-343 2.00 2.00 1.67 2.33 
943-344 1.67 2.33 1.00 3.00 
943-345 0.33 1.33 1.00 1.67 
943-346 3.00 1.33 3.00 2.33 
943-347 2.00 2.33 1.67 3.33 
943-348 2.67 2.33 2.67 3.00 
943-349 3.00 1.33 2.00 2.00 
943-350 2.00 2.33 1.67 3.00 
943-351 0.33 3.00 2.33 3.00 
943-352 1.67 3.00 1.00 3.00 
943-353 3.00 1.33 2.67 2.33 
943-354 0.00 3.00 1.00 3.00 
943-355 2.67 2.00 2.67 3.00 
943-356 0.33 2.33 1.00 3.00 
943-357 3.00 2.33 3.00 2.33 
943-358 3.00 2.33 3.00 4.00 
943-359 3.00 3.00 3.00 3.00 
943-360 3.00 2.00 3.00 1.67 
943-361 0.00 3.00 1.00 3.00 
943-362 3.00 2.33 3.00 2.33 
943-363 2.33 3.00 2.33 3.33 
943-364 1.00 1.33 1.00 2.00 
943-365 2.33 2.33 1.67 3.33 
943-366 1.00 3.00 3.00 3.00 
943-367 0.00 3.00 1.00 3.00 
943-368 2.67 2.33 1.33 3.33 
943-369 1.00 2.33 1.00 3.00 
943-370 1.67 3.00 1.00 3.33 
943-371 2.67 3.00 1.33 3.33 
943-372 2.00 2.33 1.33 3.00 
943-373 3.00 2.33 3.00 3.00 
943-374 1.67 2.33 1.00 3.33 
943-375 2.00 2.33 1.33 3.33 
943-376 0.33 2.33 1.67 3.33 
943-377 3.00 2.33 2.33 3.33 
943-378 2.00 2.33 2.00 3.33 
943-379 1.67 2.33 1.00 3.00 
943-380 1.67 2.33 1.00 3.33 
943-381 3.00 2.33 3.00 3.33 
943-382 3.00 2.33 3.00 3.33 
943-383 1.67 2.33 1.00 2.67 
943-384 0.33 2.33 1.00 2.33 
943-385 1.67 1.33 1.00 2.67 
943-386 0.33 2.33 1.00 3.33 
943-387 2.33 2.33 1.67 3.33 
943-388 2.67 2.33 2.67 3.00 
943-389 2.33 2.33 2.67 2.00 
943-390 0.33 2.33 1.00 3.00 
943-391 1.67 2.33 1.67 3.00 
943-392 2.00 3.00 3.00 3.00 
943-393 3.00 3.00 1.67 3.00 
943-394 2.33 2.33 2.00 4.00 
943-395 1.67 2.33 2.00 3.33 
943-396 1.67 2.33 1.33 3.00 
943-397 2.00 2.33 2.33 2.33 
943-398 0.00 2.67 1.00 2.33 
943-399 0.33 2.33 1.00 3.33 
943-400 4.33 1.33 1.00 2.00 
943-401 1.00 3.00 1.67 3.00 
943-402 3.00 3.00 3.00 3.33 
943-403 1.67 2.33 1.00 2.33 
943-404 0.00 2.33 0.67 3.00 
943-405 0.33 2.00 1.00 3.33 
943-406 1.67 2.33 1.00 3.33 
943-407 2.67 2.33 2.00 3.33 
943-408 1.00 1.67 3.00 2.33 
943-409 1.67 3.00 2.00 3.00 
943-410 1.67 2.33 2.00 3.00 
943-411 2.00 3.00 2.00 3.00 
943-412 1.67 2.33 1.67 3.33 
943-413 0.33 2.33 1.00 2.33 
943-414 2.33 2.33 1.67 2.33 
943-415 1.67 2.33 1.00 2.33 
943-416 1.00 1.67 3.00 2.33 
943-417 2.00 2.00 1.67 3.33 
943-418 1.67 2.33 1.33 3.00 
943-419 0.33 2.33 1.00 3.33 
943-420 0.67 2.00 1.67 2.67 
943-421 2.33 2.33 1.67 4.33 
943-422 3.00 2.33 3.00 3.00 
943-423 3.00 3.00 3.00 3.00 
943-424 0.33 1.33 1.00 1.33 
943-425 2.33 1.67 1.00 2.33 
943-426 2.33 2.33 1.67 3.00 
943-427 2.00 1.67 1.67 2.00 
943-428 2.67 3.00 1.33 3.00 
943-429 0.33 1.33 0.33 1.67 
943-430 2.67 2.00 2.00 2.00 
943-431 1.67 2.00 1.00 3.00 
943-432 1.67 2.33 1.67 3.00 
943-433 1.67 2.33 1.00 2.33 
943-434 3.00 3.00 2.33 3.00 
943-435 2.33 3.00 2.33 3.33 
943-436 1.00 3.00 1.00 3.00 
943-437 0.33 3.00 1.00 3.00 
943-438 0.33 2.00 1.00 2.67 
943-439 0.33 2.00 1.00 2.67 
943-440 1.67 2.33 1.00 3.33 
943-441 1.67 3.00 1.00 3.33 
943-442 1.67 2.00 1.00 4.33 
943-443 1.67 1.33 1.67 2.00 
943-444 2.00 1.33 1.67 2.33 
943-445 2.00 2.33 1.33 3.00 
943-446 1.67 2.33 2.00 3.33 
943-447 2.00 3.00 1.67 2.67 
943-448 2.33 2.33 2.33 3.00 
943-449 2.33 1.33 3.00 2.33 
943-450 2.00 2.33 2.00 3.00 
943-451 0.33 3.00 1.67 3.33 
943-452 2.00 1.67 1.33 2.33 
943-453 0.33 2.67 1.00 3.00 
943-454 1.67 1.33 1.00 2.67 
943-455 1.67 2.00 1.67 2.00 
943-456 2.67 2.33 2.67 3.00 
943-457 2.67 2.33 1.33 3.00 
943-458 1.67 2.33 1.00 3.33 
943-459 1.00 3.00 2.00 3.33 
943-460 1.67 1.33 1.67 1.67 
943-461 2.00 2.33 1.33 3.00 
943-462 1.00 3.00 1.67 3.00 
943-463 1.67 1.33 1.67 2.67 
943-464 2.00 1.00 2.00 2.00 
943-465 3.00 3.00 1.67 3.00 
943-466 1.67 2.00 1.67 1.33 
943-467 2.33 3.00 2.33 4.00 
943-468 0.67 1.67 1.67 3.00 
943-469 2.00 2.00 2.00 2.00 
943-470 0.33 2.00 1.00 2.00 
943-471 0.33 2.00 1.00 2.33 
943-472 3.00 2.33 2.33 3.00 
943-473 2.33 3.00 1.67 3.00 
943-474 2.33 3.00 1.67 3.00 
943-475 3.00 2.00 3.00 3.00 
943-476 0.00 1.67 0.33 1.33 
943-477 0.33 1.00 1.00 1.33 
943-478 2.00 2.67 2.33 3.33 
943-479 2.00 3.00 2.00 4.33 
943-480 2.00 2.33 2.00 2.33 
943-481 2.33 3.00 1.67 3.00 
943-482 3.00 2.33 3.00 4.33 
943-483 2.33 2.33 1.33 3.00 
943-484 3.00 1.33 1.67 1.67 
943-485 3.00 3.00 3.00 3.00 
943-486 2.00 1.67 1.00 2.33 
943-487 0.33 3.00 0.67 3.00 
943-488 1.67 2.00 1.67 2.33 
943-489 2.00 2.33 1.33 3.33 
943-490 1.67 1.33 1.33 2.00 
943-491 1.67 2.00 1.00 2.00 
943-492 0.33 3.00 1.33 3.33 
943-493 2.00 2.33 2.00 3.33 
943-494 0.33 1.33 1.00 1.67 
943-495 2.33 2.33 2.00 2.67 
943-496 2.00 2.33 2.33 3.33 
943-497 2.67 2.33 2.00 4.33 
943-498 2.00 3.00 1.33 4.33 
943-499 2.00 2.33 1.67 3.33 
943-500 1.67 2.33 1.33 3.00 
943-501 2.00 2.00 1.33 2.00 
943-502 0.33 2.33 1.00 2.00 
943-503 1.67 1.33 2.00 2.67 
943-504 2.67 1.67 1.33 3.33 
943-505 0.33 1.33 0.33 1.33 
943-506 2.33 3.00 1.67 3.00 
943-507 2.67 3.00 2.67 3.00 
943-508 2.33 3.00 1.67 3.33 
943-509 2.00 2.33 1.33 3.00 
943-510 2.00 2.33 1.33 3.00 
943-511 2.00 2.33 1.33 4.00 
943-512 1.67 1.33 1.00 2.00 
943-513 2.67 3.00 2.33 4.33 
943-514 0.33 2.33 1.00 2.33 
943-515 2.33 2.33 2.00 3.33 
943-516 1.67 2.00 1.00 2.33 
943-517 2.00 2.33 2.00 3.00 
943-518 1.00 1.67 1.00 2.00 
943-519 2.00 2.33 1.33 2.33 
943-520 2.00 1.67 1.67 2.00 
943-521 3.00 2.33 2.33 3.00 
943-522 2.00 1.67 1.67 2.00 
943-523 3.00 2.67 2.33 3.33 
943-524 2.33 3.00 1.67 3.00 
943-525 2.00 3.00 3.00 3.00 
943-526 2.33 3.00 1.67 3.00 
943-527 3.00 2.33 1.33 3.00 
943-528 1.67 2.33 2.00 3.33 
943-529 2.33 2.33 0.33 2.00 
943-530 2.00 3.00 1.67 4.00 
943-531 3.00 2.33 2.33 3.00 
943-532 2.67 2.33 2.33 3.00 
943-533 1.67 2.67 1.67 2.67 
943-534 0.33 2.33 1.00 2.33 
943-535 2.00 2.33 2.33 3.00 
943-536 0.33 1.33 0.33 2.00 
943-537 0.33 2.00 1.00 2.00 
943-538 2.33 1.33 2.00 2.00 
943-539 3.00 2.33 3.00 3.00 
943-540 2.33 2.33 2.33 3.00 
943-541 2.00 2.00 1.33 1.33 
943-542 2.33 3.00 1.67 3.33 
943-543 3.00 2.33 2.33 3.00 
943-544 1.67 2.33 1.00 3.33 
943-545 2.33 2.67 2.33 2.67 
943-546 1.67 2.33 1.67 2.67 
943-547 0.00 3.00 1.00 3.33 
943-548 2.33 3.00 3.00 3.00 
943-549 2.33 3.00 2.00 3.00 
943-550 0.33 2.00 1.67 2.33 
943-551 3.00 3.00 2.00 3.00 
943-552 1.67 2.00 1.00 2.00 
943-553 1.00 2.33 1.67 3.00 
943-554 1.67 1.33 1.67 2.00 
943-555 0.33 2.33 1.00 3.33 
943-556 2.00 2.33 2.00 3.00 
943-557 2.67 1.67 3.00 2.33 
943-558 2.00 2.33 1.33 2.67 
943-559 2.00 3.00 2.33 3.33 
943-560 2.33 3.00 2.00 3.00 
943-561 2.33 3.00 2.33 4.00 
943-562 0.00 2.33 0.00 2.33 
943-563 1.67 2.33 1.67 2.33 
943-564 1.67 1.33 1.67 2.00 
943-565 1.67 2.33 1.00 2.33 
943-566 2.00 2.33 2.00 3.33 
943-567 0.67 2.67 1.67 2.67 
943-568 2.33 2.33 2.33 3.33 
943-569 2.33 2.33 1.33 3.33 
943-570 1.67 2.33 1.00 2.67 
943-571 0.33 3.00 2.00 3.67 
943-572 0.33 3.00 1.33 3.00 
943-573 1.67 3.00 1.67 4.00 
943-574 0.33 2.33 1.00 2.33 
943-575 2.67 2.67 2.00 2.67 
943-576 1.00 1.67 1.00 2.00 
943-577 2.67 3.00 2.00 3.33 
943-578 1.00 3.00 1.00 3.33 
943-579 1.00 2.33 1.00 2.33 
943-580 3.00 2.33 3.00 3.00 
943-581 0.33 1.33 1.67 2.67 
943-582 0.67 3.00 1.00 3.00 
943-583 1.00 3.00 1.67 3.00 
943-584 2.33 3.00 2.00 3.00 
943-585 3.00 2.33 3.00 3.33 
943-586 1.67 2.00 1.00 2.00 
943-587 0.67 2.33 1.33 2.00 
943-588 1.67 2.33 1.33 2.67 
943-589 2.33 3.00 3.00 3.33 
943-590 2.00 2.00 2.33 3.00 
943-591 2.67 2.33 3.00 2.67 
943-592 3.00 3.00 3.00 3.33 
943-593 3.00 2.33 2.33 3.00 
943-594 3.00 2.33 2.33 2.33 
943-595 1.00 2.00 1.33 2.33 
943-596 3.00 2.67 3.00 3.33 
943-597 2.33 2.33 2.33 3.00 
943-598 1.00 1.67 1.33 2.67 
943-599 1.67 1.33 1.33 1.33 
943-600 1.00 3.00 1.33 2.67 
943-601 1.67 2.33 2.00 3.00 
943-602 3.00 3.00 2.33 3.00 
943-603 2.33 3.00 1.67 3.00 
943-604 2.33 2.33 1.67 3.33 
943-605 1.00 2.33 1.00 3.33 
943-606 3.00 3.00 2.33 3.00 
943-607 0.67 3.00 2.00 3.00 
943-608 3.00 2.33 3.00 3.00 
943-609 0.67 2.00 1.67 2.67 
943-610 3.00 2.33 3.00 3.33 
943-611 0.33 2.00 1.00 2.67 
943-612 2.00 3.00 1.33 3.67 
943-613 0.33 1.33 0.33 1.33 
943-614 1.67 2.00 1.67 3.33 
943-615 2.00 2.33 1.33 3.00 
943-616 3.00 3.00 3.00 3.00 
943-617 1.00 3.00 2.33 3.33 
943-618 2.33 3.00 1.67 3.00 
943-619 3.00 3.00 3.00 3.00 
943-620 2.00 2.33 2.00 3.00 
943-621 3.00 1.33 1.67 2.33 
943-622 1.67 2.33 1.33 3.00 
943-623 1.67 2.33 1.00 2.33 
943-624 1.67 2.33 1.00 3.33 
943-625 1.67 2.67 1.00 4.00 
943-626 3.00 2.33 3.00 3.00 
943-627 2.00 1.67 1.33 2.33 
943-628 1.67 2.33 2.00 3.00 
943-629 3.00 3.00 3.00 2.33 
943-630 0.33 2.33 1.00 2.00 
943-631 0.00 3.00 1.00 3.33 
943-632 1.67 2.67 1.00 3.00 
943-633 0.67 2.33 1.67 3.00 
943-634 0.33 3.00 1.00 3.33 
943-635 3.00 3.00 1.67 3.00 
943-636 1.67 2.33 1.00 2.00 
943-637 3.00 2.33 3.00 3.00 
943-638 1.67 3.00 2.00 4.00 
943-639 0.33 1.67 1.00 1.33 
943-640 3.00 2.33 2.33 3.00 
943-641 2.33 3.00 1.33 3.33 
943-642 0.33 2.00 1.00 2.00 
943-643 2.33 2.33 1.67 3.00 
943-644 0.33 1.33 1.00 2.00 
943-645 2.33 3.00 2.33 4.00 
943-646 2.00 2.33 2.67 4.00 
943-647 0.67 2.33 1.00 4.67 
943-648 1.00 3.00 1.67 5.00 
943-649 3.00 2.33 2.33 3.00 
943-650 0.33 2.33 0.67 2.67 
943-651 1.67 1.33 1.00 1.67 
943-652 3.00 3.00 2.67 3.00 
943-653 3.00 3.00 2.67 3.00 
943-654 2.67 3.00 1.67 3.33 
943-655 1.67 2.33 1.33 2.00 
943-656 0.33 2.67 1.00 3.00 
943-657 2.00 2.33 1.67 3.33 
943-658 2.67 1.33 3.00 2.33 
943-659 2.67 3.00 2.33 4.00 
943-660 1.67 2.00 1.67 2.33 
943-661 3.00 3.00 2.33 3.00 
943-662 3.00 2.00 3.00 2.33 
943-663 2.33 2.33 1.67 3.33 
943-664 3.00 2.33 3.00 3.00 
943-665 2.00 2.00 1.00 3.33 
943-666 2.00 2.00 2.00 3.00 
943-667 1.67 2.33 1.00 3.33 
943-668 1.67 3.00 1.00 3.33 
943-669 1.67 2.33 1.33 3.33 
943-670 3.00 3.00 2.33 3.00 
943-671 0.00 2.33 1.00 2.33 
943-672 2.33 0.67 2.33 0.67 
943-673 1.67 1.67 1.00 2.00 
943-674 1.67 3.00 1.00 3.00 
943-675 3.00 2.33 1.67 3.00 
943-676 1.67 2.33 2.00 2.33 
943-677 2.00 2.67 1.00 3.00 
943-678 2.00 3.00 2.67 3.00 
943-679 1.00 2.33 1.00 2.00 
943-680 2.33 2.67 1.67 3.00 
943-681 2.67 3.00 3.00 3.33 
943-682 2.67 3.00 2.33 3.33 
943-683 1.67 2.33 1.33 2.33 
943-684 1.00 2.00 1.00 2.00 
943-685 1.67 2.00 1.33 2.33 
943-686 3.00 2.33 2.33 2.67 
943-687 3.00 2.00 0.67 4.00 
943-688 2.33 3.00 2.00 3.33 
943-689 2.00 2.00 2.00 2.33 
943-690 2.00 2.33 2.00 2.67 
943-691 1.67 2.33 1.00 2.33 
943-692 2.00 2.67 1.33 3.33 
943-693 2.67 2.00 2.33 2.67 
943-694 1.67 1.33 2.00 2.00 
943-695 1.33 3.00 1.33 3.00 
943-696 0.33 2.67 1.00 2.67 
943-697 2.33 3.00 1.67 3.00 
943-698 1.67 1.33 1.67 2.00 
943-699 2.00 2.33 1.67 3.67 
943-700 2.67 3.00 2.33 3.67 
943-701 1.33 2.33 1.67 3.33 
943-702 2.33 1.33 2.00 2.33 
943-703 1.00 1.33 1.00 1.67 
943-704 3.00 2.33 3.00 2.67 
943-705 3.00 3.00 2.67 3.00 
943-706 2.33 2.33 2.00 3.33 
943-707 1.00 2.33 1.00 2.67 
943-708 1.67 2.33 1.67 3.00 
943-709 3.00 3.00 2.67 3.00 
943-710 2.33 3.00 1.67 3.00 
943-711 2.33 3.00 2.00 3.00 
943-712 1.67 2.00 1.00 2.33 
943-713 2.67 2.33 2.33 3.00 
943-714 1.67 2.00 1.67 2.33 
943-715 2.33 3.00 2.67 4.00 
943-716 2.33 2.33 1.67 3.67 
943-717 2.00 2.00 2.00 3.00 
943-718 1.67 2.00 1.33 2.00 
943-719 3.00 2.00 2.33 2.33 
943-720 1.67 2.67 1.67 3.33 
943-721 2.00 3.00 1.67 3.33 
943-722 2.67 2.33 2.33 3.00 
943-723 2.00 2.67 1.33 3.00 
943-724 2.67 3.00 2.00 3.00 
943-725 1.00 2.33 1.00 2.33 
943-726 2.67 2.67 2.67 3.00 
943-727 2.67 3.00 2.00 3.33 
943-728 2.00 3.00 1.67 3.33 
943-729 2.33 3.00 1.67 3.00 
943-730 3.00 2.00 2.33 2.33 
943-731 1.00 1.67 1.00 2.33 
943-732 2.67 2.33 2.00 3.00 
943-733 2.67 2.00 2.33 3.33 
943-734 1.67 2.00 1.67 2.33 
943-735 1.00 1.67 1.67 2.67 
943-736 2.33 3.00 2.00 3.67 
943-737 2.00 2.33 1.67 3.67 
943-738 2.67 3.00 2.67 3.00 
943-739 3.00 3.00 3.00 3.00 
943-740 2.00 2.67 1.33 3.33 
943-741 2.00 2.00 1.33 3.33 
943-742 0.33 2.00 1.00 2.67 
943-743 2.00 2.33 1.33 3.33 
943-744 2.00 2.33 2.00 3.67 
943-745 3.00 2.00 2.33 2.33 
943-746 3.00 2.67 3.00 3.33 
943-747 2.00 1.67 2.00 2.67 
943-748 1.67 3.00 1.33 3.00 
943-749 2.33 3.00 1.67 3.33 
943-750 2.33 2.33 2.00 2.33 
943-751 3.00 2.00 2.67 3.33 
943-752 0.33 1.33 0.67 1.33 
943-753 2.33 2.33 2.00 2.33 
943-754 1.67 2.00 1.33 2.00 
943-755 2.33 2.33 1.67 3.00 
943-756 1.67 1.67 1.33 2.33 
943-757 1.67 2.00 1.33 2.67 
943-758 3.00 2.67 2.33 3.00 
943-759 2.00 2.33 1.33 3.33 
943-760 2.33 3.00 2.00 3.33 
943-761 3.00 2.33 2.67 3.33 
943-762 2.00 3.00 2.67 3.67 
943-763 1.33 2.00 1.33 2.00 
943-764 3.00 2.33 2.33 3.00 
943-765 1.67 3.00 2.00 3.00 
943-766 2.33 2.67 2.00 3.33 
943-767 2.33 3.00 1.67 3.33 
943-768 3.00 2.67 2.67 3.00 
943-769 1.67 3.00 2.67 3.00 
943-770 2.33 2.33 1.67 3.00 
943-771 1.67 2.00 1.00 2.00 
943-772 1.00 2.67 1.00 3.00 
943-773 3.00 2.67 3.00 3.00 
943-774 2.33 2.67 2.00 3.00 
943-775 2.00 2.33 1.00 3.67 
943-776 0.33 1.67 0.33 1.67 
943-777 2.33 2.33 2.00 3.33 
943-778 2.67 2.67 2.33 3.00 
943-779 1.33 3.00 1.67 3.33 
943-780 0.00 1.67 1.00 2.00 
943-781 2.33 2.67 2.00 3.33 
943-782 1.67 1.33 1.00 1.67 
943-783 3.00 2.33 2.67 3.00 
943-784 2.00 2.67 1.00 3.33 
943-785 2.67 1.33 3.00 1.67 
943-786 1.67 1.33 1.00 1.33 
943-787 1.00 2.00 1.00 2.33 
943-788 1.67 1.67 1.67 1.33 
943-789 2.33 3.00 1.67 3.33 
943-790 1.33 3.00 1.33 3.33 
943-791 2.33 3.00 1.67 3.00 
943-792 1.00 3.00 1.67 3.00 
943-793 2.00 2.00 1.67 3.00 
943-794 3.00 2.00 2.33 2.33 
943-795 2.00 2.00 1.67 2.33 
943-796 2.00 2.00 2.00 3.33 
943-797 0.67 2.33 1.67 2.67 
943-798 1.00 1.33 1.00 1.67 
943-799 0.33 1.33 1.00 2.00 
943-800 2.67 3.00 2.33 3.00 
943-801 3.00 2.67 3.00 3.00 
943-802 1.67 2.33 1.33 3.00 
943-803 3.00 2.33 2.00 3.00 
943-804 3.00 2.33 2.67 2.67 
943-805 1.67 1.67 1.33 2.00 
943-806 2.67 3.00 2.00 3.33 
943-807 2.33 2.67 2.00 3.00 
943-808 2.33 2.33 2.00 3.00 
943-809 2.33 1.67 2.00 2.00 
943-810 0.67 3.00 1.33 3.33 
943-811 2.67 2.00 2.33 2.33 
943-812 1.00 1.67 1.33 2.33 
943-813 1.00 2.33 1.00 2.33 
943-814 0.67 3.00 1.67 2.67 
943-815 2.00 2.00 1.67 2.00 
943-816 2.33 2.67 2.00 3.33 
943-817 1.33 3.00 2.00 3.33 
943-818 2.00 3.00 1.67 3.00 
943-819 3.00 1.33 2.67 2.00 
943-820 3.00 3.00 2.67 3.67 
943-821 2.67 2.67 3.00 3.00 
943-822 1.67 1.33 1.67 1.67 
943-823 2.67 2.00 2.00 2.33 
943-824 2.67 1.33 1.67 2.00 
943-825 0.67 2.33 1.33 3.00 
943-826 2.00 3.00 1.67 3.00 
943-827 2.00 2.00 1.67 3.33 
943-828 1.00 1.33 1.00 1.33 
943-829 2.00 2.00 1.33 2.67 
943-830 2.33 2.00 1.67 2.67 
943-831 1.00 2.67 1.00 3.67 
943-832 3.00 3.00 2.33 3.00 
943-833 2.00 2.33 1.67 3.00 
943-834 3.00 2.00 2.33 3.00 
943-835 2.00 2.67 1.67 3.00 
943-836 2.00 3.00 1.67 3.00 
943-837 3.00 3.00 2.33 3.00 
943-838 1.33 1.67 1.00 2.00 
943-839 3.00 3.00 2.67 3.00 
943-840 3.00 1.67 2.67 2.33 
943-841 0.33 1.00 1.33 2.00 
943-842 2.00 2.33 1.67 3.33 
943-843 2.33 2.67 1.67 3.33 
943-844 2.00 2.33 1.67 2.67 
943-845 3.00 2.33 2.67 2.33 
943-846 1.67 2.00 1.00 2.00 
943-847 2.33 3.00 2.33 3.00 
943-848 1.67 1.33 2.00 2.00 
943-849 1.33 3.00 1.33 2.67 
943-850 2.67 2.33 2.00 2.67 
943-851 0.33 1.67 0.67 2.00 
943-852 2.00 2.67 1.67 3.00 
943-853 2.00 3.00 2.33 3.00 
943-854 0.00 2.00 0.00 2.00 
943-855 1.67 2.33 1.00 3.00 
943-856 1.67 2.67 1.67 2.67 
943-857 1.67 1.67 1.33 1.67 
943-858 1.00 3.00 1.00 3.33 
943-859 2.00 2.00 1.33 2.33 
943-860 1.67 2.33 1.33 2.00 
943-861 1.67 2.67 1.00 3.00 
943-862 1.00 2.67 1.67 4.00 
943-863 2.67 2.67 3.00 2.67 
943-864 3.00 3.00 3.00 3.00 
943-865 2.00 2.33 1.00 2.33 
943-866 2.67 2.67 2.67 2.67 
943-867 3.00 3.00 3.00 2.67 
943-868 2.00 1.67 1.67 2.00 
943-869 1.67 2.67 1.33 2.33 
943-870 1.67 3.00 1.33 3.67 
943-871 2.33 2.33 2.33 3.33 
943-872 1.67 3.00 1.00 3.33 
943-873 2.00 2.67 1.33 3.33 
943-874 2.67 2.67 2.00 3.00 
943-875 0.33 3.00 1.00 3.33 
943-876 2.67 2.67 2.00 3.00 
943-877 1.67 2.00 1.67 2.67 
943-878 1.67 3.00 1.00 3.33 
943-879 1.67 2.67 1.33 2.67 
943-880 1.00 2.33 1.00 2.67 
943-881 3.00 3.00 3.00 3.00 
943-882 0.00 1.67 0.00 1.67 
943-883 0.00 2.67 0.67 3.00 
943-884 2.00 2.33 2.00 3.00 
943-885 3.00 2.33 3.00 3.00 
943-886 3.00 2.33 2.33 3.00 
943-887 3.00 3.00 3.00 3.00 
943-888 1.67 2.67 1.00 2.67 
943-889 2.67 2.33 2.67 2.67 
943-890 1.67 1.33 1.00 1.67 
943-891 2.33 3.00 1.33 3.67 
943-892 1.33 3.00 2.00 3.33 
943-893 2.67 2.67 2.00 3.33 
943-894 1.67 2.33 2.00 3.33 
943-895 3.00 2.67 2.67 3.33 
943-896 2.00 2.00 1.67 2.33 
943-897 1.67 1.67 2.00 1.67 
943-898 2.00 2.00 2.00 3.33 
943-899 3.00 2.33 2.67 3.00 
943-900 1.67 2.33 1.33 1.67 
943-901 1.67 1.67 1.00 2.33 
943-902 3.00 2.67 3.00 3.00 
943-903 3.00 2.67 3.00 3.00 
943-904 3.00 2.33 2.67 3.00 
943-905 2.00 1.33 2.00 2.00 
943-906 0.33 2.00 0.67 2.00 
943-907 1.67 2.67 1.00 3.00 
943-908 0.33 2.00 0.67 2.00 
943-909 3.00 2.67 3.00 3.67 
943-910 1.67 2.33 2.00 2.33 
943-911 2.33 2.00 2.00 2.00 
943-912 0.67 2.33 1.00 2.33 
943-913 1.67 2.33 1.00 2.67 
943-914 3.00 2.67 3.00 2.33 
943-915 2.00 2.33 1.67 3.00 
943-916 1.67 1.67 1.00 2.00 
943-917 2.33 3.00 2.67 3.00 
943-918 1.00 1.67 1.33 2.00 
943-919 2.67 2.33 3.00 2.33 
943-920 0.00 2.00 0.67 2.67 
943-921 3.00 3.00 3.00 3.33 
943-922 0.67 3.00 1.33 3.00 
943-923 0.67 2.67 1.67 2.00 
943-924 2.00 2.00 2.33 2.00 
943-925 1.33 2.33 1.67 2.67 
943-926 1.33 2.00 1.00 2.67 
943-927 2.33 2.00 2.00 2.00 
943-928 2.00 2.00 2.00 2.33 
943-929 1.67 2.00 1.00 2.33 
943-930 2.67 2.33 2.33 2.67 
943-931 1.33 2.33 1.33 2.33 
943-932 2.00 2.00 2.33 3.33 
943-933 2.33 2.33 2.00 3.00 
943-934 2.00 3.00 1.67 3.67 
943-935 2.33 2.00 1.33 2.67 
943-936 3.00 3.00 3.00 3.33 
943-937 0.00 2.67 0.67 2.33 
943-938 3.00 3.00 3.00 3.00 
943-939 2.00 2.67 1.33 3.33 
943-940 2.67 2.00 3.00 2.33 
943-941 3.00 1.33 2.00 2.33 
943-942 1.00 2.00 1.33 2.00 
943-943 2.00 1.33 1.33 1.67 
650-1 2.00 1.00 1.67 1.33 
650-2 2.33 2.33 1.67 4.00 
650-3 1.33 1.00 1.00 1.33 
650-4 1.33 2.00 1.33 1.67 
650-5 1.33 1.00 1.00 1.33 
650-6 1.67 1.33 1.67 1.67 
650-7 1.00 1.33 1.67 1.67 
650-8 2.33 2.33 3.67 4.00 
650-9 1.67 0.67 1.33 1.33 
650-10 1.33 1.33 2.00 2.00 
650-11 1.67 1.33 1.33 2.67 
650-12 1.33 1.67 1.67 2.33 
650-13 2.67 2.00 1.67 2.00 
650-14 0.33 1.00 2.33 2.33 
650-15 2.67 3.00 1.67 2.00 
650-16 1.00 1.33 2.67 2.33 
650-17 2.00 1.67 2.00 2.67 
650-18 1.33 1.67 1.33 1.33 
650-19 1.33 1.00 1.33 1.67 
650-20 2.00 2.00 2.00 2.00 
650-21 0.67 0.67 0.33 0.33 
650-22 2.00 2.00 3.00 3.00 
650-23 1.33 2.00 2.33 2.67 
650-24 2.00 1.67 2.00 2.00 
650-25 0.33 1.67 1.33 2.00 
650-26 2.00 1.67 2.67 3.33 
650-27 1.67 1.33 1.33 2.00 
650-28 1.00 1.00 0.67 0.67 
650-29 2.00 2.00 1.00 2.00 
650-30 2.00 2.00 2.33 2.33 
650-31 1.33 1.67 2.00 1.67 
650-32 2.00 1.67 2.67 2.00 
650-33 2.33 2.00 3.67 3.00 
650-34 1.67 1.00 1.00 1.33 
650-35 2.00 1.67 1.33 1.67 
650-36 1.33 1.00 2.00 2.00 
650-37 0.33 2.00 3.00 2.67 
650-38 1.67 1.67 2.00 2.33 
650-39 1.33 1.67 1.67 2.00 
650-40 2.33 2.33 2.00 2.67 
650-41 2.00 2.00 2.67 3.33 
650-42 2.33 2.00 2.33 3.33 
650-43 1.67 2.00 2.67 2.67 
650-44 2.00 2.00 2.33 3.00 
650-45 1.00 1.00 2.67 3.00 
650-46 2.00 2.33 2.00 2.00 
650-47 2.33 2.33 2.00 1.67 
650-48 2.33 2.00 2.33 3.00 
650-49 2.00 2.00 3.33 2.33 
650-50 1.00 1.00 0.67 1.00 
650-51 0.00 0.67 3.33 2.33 
650-52 0.67 1.33 3.00 2.00 
650-53 2.00 1.33 2.33 2.67 
650-54 0.33 0.67 0.67 2.00 
650-55 1.00 1.67 0.67 1.33 
650-56 1.67 2.00 3.00 3.33 
650-57 2.67 2.33 3.33 2.67 
650-58 0.33 1.33 3.00 2.33 
650-59 1.67 1.33 2.33 3.00 
650-60 3.00 2.67 2.00 2.67 
650-61 2.33 2.67 3.33 3.00 
650-62 2.67 3.00 2.67 3.00 
650-63 1.67 2.00 2.67 3.00 
650-64 1.67 2.33 2.00 3.33 
650-65 1.00 1.67 1.67 1.67 
650-66 2.67 2.00 2.00 3.00 
650-67 1.00 1.00 1.33 1.33 
650-68 1.33 1.33 1.33 1.33 
650-69 2.00 1.67 1.33 0.67 
650-70 2.00 2.67 2.33 4.00 
650-71 2.00 2.33 3.67 2.33 
650-72 2.00 2.33 2.67 2.33 
650-73 1.67 1.67 2.33 4.00 
650-74 0.33 1.67 1.67 2.33 
650-75 1.33 2.00 1.67 2.00 
650-76 2.33 2.33 1.67 1.67 
650-77 1.00 1.33 1.33 1.00 
650-78 2.67 2.67 2.33 4.33 
650-79 1.67 2.00 1.67 2.33 
650-80 3.00 2.67 3.33 3.67 
650-81 2.33 2.67 3.33 3.67 
650-82 0.67 1.00 1.33 1.00 
650-83 1.67 1.00 1.00 1.33 
650-84 1.67 1.67 2.00 3.00 
650-85 2.00 1.67 1.67 2.67 
650-86 1.00 0.67 1.00 0.33 
650-87 0.67 1.33 0.67 1.33 
650-88 2.33 2.67 3.33 4.00 
650-89 2.00 2.00 2.33 4.00 
650-90 2.67 2.33 3.33 4.00 
650-91 1.67 1.67 1.00 1.33 
650-92 2.00 2.00 1.33 1.33 
650-93 1.67 1.00 1.33 1.67 
650-94 1.00 1.67 2.00 2.33 
650-95 1.67 1.67 3.33 4.00 
650-96 2.00 2.67 2.00 3.00 
650-97 0.67 0.67 3.33 2.67 
650-98 1.00 1.67 1.67 2.67 
650-99 1.00 2.00 1.67 2.67 
650-100 1.00 1.00 1.00 1.33 
650-101 0.33 1.67 1.00 1.67 
650-102 2.67 2.67 1.67 2.33 
650-103 0.67 2.00 1.33 1.67 
650-104 1.00 2.00 3.33 2.33 
650-105 2.33 1.33 3.33 3.67 
650-106 2.67 2.67 4.00 2.67 
650-107 2.33 3.00 3.67 2.67 
650-108 2.00 1.33 2.33 2.67 
650-109 2.33 2.00 2.33 2.33 
650-110 2.33 2.67 2.33 3.00 
650-111 1.00 1.33 1.33 0.67 
650-112 0.33 0.33 1.00 2.00 
650-113 0.33 0.67 2.00 2.00 
650-114 1.67 1.67 1.33 2.00 
650-115 2.67 2.33 3.67 3.33 
650-116 2.33 2.33 3.00 3.00 
650-117 1.00 2.00 1.67 0.67 
650-118 1.67 2.00 2.67 2.67 
650-119 1.67 2.00 2.00 2.00 
650-120 2.00 1.67 1.00 1.00 
650-121 1.67 2.33 2.00 2.67 
650-122 0.67 1.33 2.33 2.33 
650-123 2.00 1.33 2.00 2.33 
650-124 2.33 1.67 2.00 2.33 
650-125 2.67 2.67 2.33 3.00 
650-126 0.67 1.33 1.33 2.00 
650-127 1.33 1.33 2.33 3.00 
650-128 0.67 0.00 0.67 1.67 
650-129 1.67 1.33 2.33 2.67 
650-130 0.67 0.33 1.33 1.33 
650-131 2.33 1.67 3.00 3.00 
650-132 2.33 2.33 2.33 3.00 
650-133 2.00 1.00 1.67 1.67 
650-134 2.67 2.33 3.33 3.67 
650-135 1.67 2.00 1.33 1.67 
650-136 1.67 1.33 1.67 1.00 
650-137 2.00 1.67 2.00 2.33 
650-138 1.67 2.00 1.33 2.33 
650-139 1.67 1.67 2.00 2.33 
650-140 0.67 1.00 1.67 1.33 
650-141 0.67 1.00 1.33 1.33 
650-142 1.67 0.33 1.67 1.33 
650-143 2.33 1.00 2.33 2.00 
650-144 2.00 2.00 2.00 2.33 
650-145 2.33 2.00 2.33 2.67 
650-146 1.67 1.00 2.00 1.67 
650-147 2.00 2.00 1.67 3.00 
650-148 2.33 2.67 2.67 3.33 
650-149 2.33 1.67 3.33 3.00 
650-150 1.00 1.33 2.33 2.33 
650-151 1.67 1.33 2.00 2.33 
650-152 2.33 2.00 1.67 2.33 
650-153 3.00 2.67 2.33 3.33 
650-154 1.67 1.67 1.33 2.00 
650-155 2.00 2.67 3.67 3.33 
650-156 3.00 2.67 2.33 3.00 
650-157 1.33 0.67 2.67 2.00 
650-158 1.33 0.67 2.67 2.33 
650-159 2.67 2.67 2.33 3.00 
650-160 2.00 1.67 2.67 3.33 
650-161 1.67 1.67 3.00 2.33 
650-162 1.67 2.00 3.33 2.67 
650-163 1.67 2.00 3.00 2.67 
650-164 1.33 1.67 2.67 3.33 
650-165 1.00 1.00 2.67 3.00 
650-166 1.00 0.67 2.00 2.00 
650-167 2.00 1.67 4.00 2.33 
650-168 1.00 1.67 2.00 1.67 
650-169 1.33 1.67 1.33 2.33 
650-170 1.00 1.00 1.00 1.00 
650-171 1.67 1.67 3.00 3.00 
650-172 0.67 1.00 1.67 1.33 
650-173 1.00 0.67 1.33 0.67 
650-174 1.67 2.00 2.33 2.67 
650-175 2.00 2.00 2.00 2.00 
650-176 1.33 1.00 1.67 2.00 
650-177 1.33 1.00 1.67 1.67 
650-178 1.67 1.33 1.33 1.67 
650-179 1.33 1.00 1.67 1.67 
650-180 1.67 1.00 3.00 3.00 
650-181 1.33 1.00 2.33 2.67 
650-182 1.00 1.00 1.33 1.33 
650-183 1.67 1.00 2.00 2.67 
650-184 2.00 1.00 1.67 1.67 
650-185 2.67 1.67 2.00 2.33 
650-186 2.33 1.33 1.67 2.33 
650-187 2.00 2.00 2.00 3.33 
650-188 2.33 2.00 2.00 2.33 
650-189 2.33 2.00 2.33 2.33 
650-190 1.00 1.00 2.33 2.33 
650-191 2.33 1.67 2.67 2.67 
650-192 2.33 2.00 1.67 2.67 
650-193 2.67 1.67 2.33 2.67 
650-194 2.00 2.00 2.33 2.67 
650-195 1.67 1.33 2.33 3.33 
650-196 2.00 1.67 2.00 2.33 
650-197 2.00 2.33 2.00 2.33 
650-198 1.33 1.33 3.67 2.00 
650-199 2.00 0.67 1.67 2.00 
650-200 2.00 2.33 3.00 3.33 
650-201 2.00 1.67 2.33 3.00 
650-202 1.33 1.00 1.00 0.67 
650-203 2.67 2.33 2.67 2.67 
650-204 2.00 1.67 2.33 3.00 
650-205 2.00 1.67 2.33 3.00 
650-206 2.00 1.67 2.33 2.00 
650-207 2.67 2.33 3.67 2.67 
650-208 2.00 2.33 2.00 2.67 
650-209 1.67 1.00 2.33 2.67 
650-210 2.00 2.33 1.67 2.00 
650-211 1.67 1.67 2.67 2.67 
650-212 2.33 1.33 1.67 1.67 
650-213 2.00 2.00 2.33 2.33 
650-214 1.33 1.33 1.67 3.00 
650-215 0.67 1.00 1.00 1.00 
650-216 0.67 1.00 1.00 0.67 
650-217 2.67 1.67 1.67 2.67 
650-218 2.33 2.00 2.67 2.67 
650-219 1.67 2.00 4.00 2.33 
650-220 2.00 2.00 2.00 2.33 
650-221 1.67 1.33 1.67 2.00 
650-222 2.00 1.33 2.00 2.00 
650-223 1.33 1.33 2.00 2.00 
650-224 2.00 1.33 2.00 2.00 
650-225 2.00 1.00 2.67 3.00 
650-226 1.67 1.00 2.33 2.33 
650-227 2.00 1.67 1.67 2.33 
650-228 2.00 2.33 2.67 2.67 
650-229 1.33 1.00 3.00 2.33 
650-230 0.67 1.00 2.00 1.33 
650-231 2.00 2.00 2.67 3.00 
650-232 1.67 1.67 2.00 2.33 
650-233 0.67 1.00 1.00 0.67 
650-234 1.00 1.00 1.33 1.00 
650-235 1.00 1.33 1.33 1.33 
650-236 2.67 2.33 3.67 4.67 
650-237 1.00 1.33 1.33 1.67 
650-238 1.00 1.33 1.00 1.67 
650-239 2.00 1.67 1.67 2.00 
650-240 3.00 1.67 2.00 3.00 
650-241 1.67 1.00 1.67 2.33 
650-242 0.67 0.67 1.00 0.67 
650-243 1.33 1.33 1.33 2.00 
650-244 2.00 2.33 2.67 2.33 
650-245 2.67 2.33 1.67 2.67 
650-246 2.00 1.00 1.67 1.33 
650-247 1.00 2.00 3.33 3.67 
650-248 2.33 1.67 2.67 2.67 
650-249 3.00 2.67 2.00 2.67 
650-250 0.67 1.00 1.67 1.67 
650-251 1.67 1.67 3.67 3.00 
650-252 3.00 2.33 2.33 2.33 
650-253 2.67 1.67 2.33 3.33 
650-254 1.33 0.67 1.00 1.00 
650-255 1.67 1.33 1.67 2.33 
650-256 2.33 1.67 2.67 2.67 
650-257 1.00 1.00 2.00 2.67 
650-258 3.00 1.67 2.00 3.00 
650-259 1.00 1.33 1.67 1.67 
650-260 0.00 0.00 1.33 1.33 
650-261 1.67 2.00 2.00 2.33 
650-262 3.00 2.33 3.33 3.00 
650-263 1.67 1.67 2.33 2.33 
650-264 2.00 2.00 4.00 3.00 
650-265 1.33 1.00 1.67 2.00 
650-266 2.00 1.00 1.67 2.00 
650-267 1.33 1.00 1.67 1.67 
650-268 2.00 1.00 2.33 3.33 
650-269 1.33 1.67 1.33 2.33 
650-270 2.00 2.33 1.67 2.00 
650-271 1.33 2.00 2.67 2.67 
650-272 1.67 1.67 2.67 2.67 
650-273 0.00 0.67 1.67 3.33 
650-274 1.67 1.33 3.00 2.33 
650-275 1.00 1.67 1.00 0.67 
650-276 1.67 2.33 2.00 3.00 
650-277 2.00 2.67 1.67 2.00 
650-278 1.00 1.33 2.00 2.33 
650-279 1.00 1.00 3.33 2.33 
650-280 2.00 1.33 2.33 2.33 
650-281 2.67 2.00 1.67 1.67 
650-282 1.00 1.33 1.00 1.67 
650-283 2.00 1.67 2.00 3.33 
650-284 1.00 1.00 1.33 1.33 
650-285 1.33 1.00 2.33 2.00 
650-286 2.00 1.67 2.67 3.67 
650-287 1.33 0.67 1.33 1.67 
650-288 1.67 1.00 1.67 1.67 
650-289 2.00 1.00 1.33 1.67 
650-290 3.00 3.00 3.67 4.00 
650-291 3.00 2.67 4.00 3.00 
650-292 3.00 2.67 4.00 3.00 
650-293 2.00 2.33 3.67 2.33 
650-294 1.00 0.67 1.67 2.00 
650-295 1.67 1.33 1.00 1.67 
650-296 2.00 1.33 2.00 3.33 
650-297 1.33 1.00 1.67 1.67 
650-298 1.67 1.33 1.67 2.00 
650-299 1.33 1.33 1.67 2.67 
650-300 1.33 1.33 2.00 2.33 
650-301 2.33 1.33 2.67 2.67 
650-302 2.33 1.33 2.33 2.67 
650-303 2.33 1.67 2.67 2.67 
650-304 2.33 1.33 2.33 2.67 
650-305 2.33 1.33 2.33 2.67 
650-306 2.00 2.00 3.00 2.00 
650-307 2.33 1.33 2.33 1.67 
650-308 2.00 1.00 1.67 2.33 
650-309 2.67 2.33 3.33 2.67 
650-310 1.00 1.33 2.67 3.00 
650-311 1.33 1.00 2.33 1.33 
650-312 0.67 1.00 1.67 1.00 
650-313 1.00 1.67 2.00 1.67 
650-314 2.33 1.33 1.67 2.33 
650-315 3.00 2.33 1.67 2.67 
650-316 2.33 2.67 2.00 1.67 
650-317 2.00 1.67 0.67 0.33 
650-318 1.33 1.00 1.00 0.33 
650-319 1.33 1.33 1.00 1.67 
650-320 2.00 1.67 3.33 3.33 
650-321 2.00 1.67 2.33 2.33 
650-322 1.67 1.67 1.67 2.00 
650-323 1.67 0.33 0.67 0.33 
650-324 1.67 0.33 0.67 0.33 
650-325 2.00 2.00 3.33 3.33 
650-326 2.00 2.00 4.00 3.33 
650-327 2.67 1.67 3.00 3.33 
650-328 2.67 1.67 3.00 2.67 
650-329 2.67 1.67 3.00 3.00 
650-330 2.67 2.33 2.00 3.00 
650-331 1.33 1.00 0.67 0.33 
235-1 2.67 0.00 2.00 0.67 
235-2 2.33 1.00 1.00 4.00 
235-3 0.33 0.00 0.00 1.33 
235-4 0.00 0.33 0.33 2.33 
235-5 1.00 1.67 0.67 2.33 
235-6 0.00 0.33 0.00 1.33 
235-7 1.00 2.67 1.00 3.33 
235-8 1.00 2.67 1.00 3.33 
235-9 1.00 0.33 1.33 1.33 
235-10 1.67 0.00 1.00 1.33 
235-11 0.00 0.00 0.00 0.33 
235-12 0.00 0.33 0.00 1.33 
235-13 0.00 0.67 0.00 3.00 
235-14 1.00 1.00 0.33 4.67 
235-15 2.00 0.00 1.00 1.33 
235-16 0.00 0.33 0.00 0.67 
235-17 0.00 1.67 0.33 1.00 
235-18 2.67 1.00 1.67 1.00 
235-19 1.67 0.33 0.00 0.00 
235-20 0.00 0.00 0.00 0.00 
235-21 0.00 0.00 1.00 0.00 
235-22 1.33 0.33 0.00 0.00 
235-23 2.00 0.33 1.00 0.00 
235-24 0.67 0.00 0.00 0.00 
235-25 0.00 0.00 0.67 0.00 
235-26 2.00 0.33 0.67 0.00 
235-27 1.67 0.67 0.67 0.00 
235-28 0.67 1.33 0.00 0.00 
235-29 2.33 0.67 2.00 0.00 
235-30 0.67 0.00 0.00 0.00 
235-31 2.00 0.67 2.00 0.00 
235-32 1.00 0.00 0.00 0.00 
235-33 1.00 0.67 0.00 0.00 
235-34 0.00 0.67 1.00 0.00 
235-35 0.67 0.00 1.00 0.00 
235-36 0.00 0.00 0.00 0.00 
235-37 2.00 0.67 2.00 0.00 
235-38 0.67 0.00 0.00 0.00 
235-39 2.00 1.00 1.00 1.00 
235-40 0.00 0.67 1.00 0.00 
235-41 0.67 0.00 1.00 0.00 
235-42 0.00 0.67 0.00 0.00 
235-43 2.00 0.00 1.00 0.00 
235-44 1.00 0.67 1.00 0.00 
235-45 1.00 1.00 0.67 0.00 
235-46 1.00 0.00 0.67 0.00 
235-47 1.00 0.00 1.00 0.00 
235-48 0.67 0.00 0.67 0.33 
235-49 2.00 0.67 1.00 0.00 
235-50 0.00 0.00 0.00 0.00 
235-51 0.00 0.00 0.00 0.00 
235-52 2.00 0.00 1.00 0.00 
235-53 0.00 0.00 1.00 0.00 
235-54 0.00 0.00 0.00 0.00 
235-55 2.00 1.00 1.00 1.00 
235-56 2.00 1.00 1.00 0.00 
235-57 0.00 0.00 0.00 0.00 
235-58 0.00 0.00 0.00 0.00 
235-59 0.00 0.00 0.00 0.00 
235-60 2.00 0.00 1.00 0.00 
235-61 0.00 0.00 0.00 0.00 
235-62 1.00 0.00 1.00 0.00 
235-63 1.00 0.00 0.00 0.00 
235-64 2.00 0.00 1.00 0.00 
235-65 1.00 0.00 1.00 0.00 
235-66 0.00 0.00 1.00 0.00 
235-67 1.00 0.00 1.00 0.00 
235-68 0.67 0.00 1.00 0.00 
235-69 0.33 0.00 0.00 0.00 
235-70 1.67 0.00 1.00 1.00 
235-71 0.67 0.00 1.00 0.00 
235-72 0.67 0.00 0.00 0.00 
235-73 0.33 0.00 0.00 0.00 
235-74 0.67 0.00 1.00 0.00 
235-75 1.00 0.00 0.00 0.00 
235-76 0.00 0.00 0.00 0.00 
235-77 2.00 0.00 2.00 0.00 
235-78 0.00 0.00 0.00 0.00 
235-79 0.00 0.00 0.00 0.00 
235-80 1.00 0.00 1.00 0.00 
235-81 1.00 0.00 1.00 0.00 
235-82 2.00 0.00 1.00 0.00 
235-83 0.67 0.00 0.00 0.00 
235-84 2.00 0.67 2.00 0.00 
235-85 1.00 0.67 1.00 0.00 
235-86 0.67 0.00 0.00 0.00 
235-87 2.00 0.67 1.00 0.00 
235-88 1.00 0.67 0.00 0.00 
235-89 0.67 0.00 0.00 0.00 
235-90 2.00 0.67 1.00 0.00 
235-91 1.00 0.67 0.00 0.00 
235-92 1.00 0.67 1.00 0.00 
235-93 1.00 0.00 0.00 0.00 
235-94 2.00 0.67 1.00 0.00 
235-95 2.00 1.00 2.00 1.00 
235-96 0.67 0.00 1.00 0.00 
235-97 1.00 1.00 0.00 0.00 
235-98 2.00 0.67 1.00 0.00 
235-99 1.00 0.00 1.00 0.00 
235-100 0.67 0.00 0.00 0.00 
235-101 2.00 1.00 1.00 1.00 
235-102 0.67 0.00 0.00 0.00 
235-103 2.00 1.00 1.00 1.00 
235-104 0.00 0.67 1.00 0.00 
235-105 1.00 0.00 0.00 0.00 
235-106 2.00 1.00 3.00 5.00 
235-107 0.67 0.00 1.00 0.00 
235-108 1.00 0.67 0.00 0.00 
235-109 2.00 0.00 1.00 0.00 
235-110 0.00 0.00 1.00 0.00 
235-111 1.00 1.00 0.00 4.00 
235-112 1.00 0.00 2.00 0.00 
235-113 1.33 1.00 1.00 0.00 
235-114 1.00 0.67 1.00 0.00 
235-115 2.00 0.00 1.00 0.00 
235-116 1.00 0.67 0.00 0.00 
235-117 2.00 1.00 1.00 5.00 
235-118 2.33 2.00 3.00 4.00 
235-119 2.00 0.67 1.00 0.00 
235-120 1.00 0.00 1.00 0.00 
235-121 1.67 0.67 1.00 0.00 
235-122 1.00 0.67 0.00 0.00 
235-123 0.67 0.00 0.00 0.00 
235-124 1.00 1.33 1.00 0.00 
235-125 0.67 0.00 0.00 0.00 
235-126 1.00 1.33 0.00 0.00 
235-127 1.00 0.67 0.00 0.00 
235-128 3.00 1.00 1.33 3.00 
235-129 1.00 0.67 0.67 0.00 
235-130 1.00 0.67 0.33 0.00 
235-131 2.00 0.67 0.67 0.00 
235-132 1.67 0.67 0.67 0.00 
235-133 1.33 2.00 0.67 3.00 
235-134 2.00 1.00 1.00 1.00 
235-135 1.00 1.00 0.00 1.00 
235-136 0.33 0.33 0.00 0.00 
235-137 3.00 0.33 1.00 0.00 
235-138 2.67 0.00 1.00 0.00 
235-139 1.33 0.33 0.00 0.00 
235-140 2.00 0.33 1.00 0.00 
235-141 1.67 1.00 2.33 4.67 
235-142 1.00 0.33 0.00 0.00 
235-143 1.67 1.00 1.00 1.00 
235-144 1.67 1.00 1.00 0.00 
235-145 1.67 0.00 1.00 0.00 
235-146 1.67 0.00 1.00 0.00 
235-147 1.00 0.33 1.00 0.00 
235-148 2.33 0.33 2.00 0.00 
235-149 1.67 0.00 1.00 0.00 
235-150 2.67 0.33 2.00 0.00 
235-151 1.00 0.33 1.00 0.00 
235-152 2.00 1.00 0.67 0.00 
235-153 0.67 0.00 0.00 0.00 
235-154 0.00 0.33 0.00 0.00 
235-155 0.00 0.00 0.00 0.00 
235-156 0.33 0.00 0.00 0.00 
235-157 0.33 0.33 0.00 0.00 
235-158 1.00 0.00 0.00 0.00 
235-159 1.67 0.00 1.00 0.00 
235-160 2.00 0.33 1.00 1.00 
235-161 2.00 0.00 1.00 0.00 
235-162 0.67 1.00 1.00 0.00 
235-163 2.00 1.00 1.33 4.33 
235-164 0.33 0.00 1.00 0.00 
235-165 1.67 1.00 0.67 1.00 
235-166 0.00 0.33 1.00 0.00 
235-167 0.33 0.00 0.00 0.00 
235-168 2.00 1.00 1.00 0.00 
235-169 1.67 1.00 1.00 0.00 
235-170 0.00 0.33 0.00 0.33 
235-171 1.00 0.00 1.00 0.00 
235-172 0.33 0.00 0.00 0.00 
235-173 1.00 0.33 0.00 0.00 
235-174 2.00 0.33 1.00 0.00 
235-175 2.00 0.33 1.67 0.00 
235-176 1.00 0.00 1.00 0.00 
235-177 1.00 0.00 1.00 0.00 
235-178 1.00 0.00 1.00 0.00 
235-179 0.33 0.00 0.00 0.00 
235-180 2.00 0.33 1.00 0.00 
235-181 2.00 0.00 0.67 0.00 
235-182 1.67 0.00 1.00 0.00 
235-183 1.00 0.33 1.00 0.00 
235-184 0.33 0.00 1.00 0.00 
235-185 1.00 0.33 1.00 0.00 
235-186 1.67 0.00 1.00 0.00 
235-187 0.67 0.00 0.00 0.00 
235-188 0.00 0.33 0.00 0.00 
208-1 2.33 1.00 1.00 4.00 
208-2 1.67 2.67 1.67 2.00 
208-3 2.67 1.67 1.67 2.00 
208-4 2.67 3.00 1.33 3.00 
208-5 2.67 2.00 1.00 3.00 
208-6 2.67 2.67 3.00 2.67 
208-7 2.67 1.67 2.67 2.67 
208-8 0.00 3.00 0.00 3.67 
208-9 2.00 0.67 1.33 2.67 
208-10 1.33 1.33 1.33 3.00 
208-11 2.00 0.67 1.00 2.00 
208-12 2.67 1.67 1.67 2.00 
208-13 2.00 0.00 1.00 2.67 
208-14 0.00 0.67 0.00 3.33 
208-15 2.33 2.00 1.00 1.33 
208-16 0.67 2.00 0.67 3.33 
208-17 2.00 2.00 1.00 3.33 
208-18 2.33 2.33 1.33 3.33 
208-19 1.00 1.33 1.00 2.33 
208-20 2.67 2.67 3.00 3.00 
208-21 2.33 1.33 2.00 1.67 
208-22 2.67 1.00 1.00 3.00 
208-23 2.67 1.33 1.33 2.33 
208-24 3.00 2.33 1.67 2.33 
208-25 3.00 2.33 1.67 2.33 
208-26 2.00 1.67 1.00 2.33 
208-27 2.67 3.00 1.67 4.00 
208-28 2.67 2.00 2.67 2.00 
208-29 2.67 2.67 2.33 3.33 
208-30 2.67 2.67 2.33 3.33 
208-31 2.67 2.67 2.33 3.33 
208-32 2.67 2.67 2.33 3.33 
208-33 2.67 2.67 2.33 3.33 
208-34 2.33 1.00 1.33 1.00 
208-35 2.33 1.00 1.33 1.00 
208-36 1.33 2.00 0.67 5.00 
208-37 3.00 3.00 2.67 3.00 
208-38 2.00 1.67 1.00 4.00 
208-39 0.33 0.00 0.00 0.00 
208-40 0.67 1.00 0.67 0.00 
208-41 3.00 3.33 2.33 2.33 
208-42 1.67 2.00 1.00 2.00 
208-43 2.00 1.00 1.67 3.00 
208-44 2.33 3.00 1.00 5.00 
208-45 1.67 2.00 1.00 1.33 
208-46 2.00 2.33 1.67 4.00 
208-47 1.67 0.33 1.67 0.33 
208-48 1.00 0.00 0.00 0.00 
208-49 2.33 2.33 2.00 2.00 
208-50 2.00 2.00 2.00 1.67 
208-51 1.67 2.00 2.00 1.67 
208-52 1.67 1.00 0.00 0.67 
208-53 2.33 1.00 2.00 1.00 
208-54 2.00 2.67 2.00 3.00 
208-55 1.67 2.67 1.00 3.67 
208-56 1.67 2.67 1.00 3.00 
208-57 1.67 3.67 1.00 3.67 
208-58 0.67 0.33 0.00 0.67 
208-59 1.00 1.33 0.00 2.00 
208-60 1.67 2.00 1.67 3.00 
208-61 2.67 1.33 2.00 1.00 
208-62 1.33 1.00 1.00 1.00 
208-63 2.00 1.33 1.33 1.67 
208-64 1.67 2.33 1.00 2.00 
208-65 1.00 0.00 0.33 0.00 
208-66 1.67 2.00 0.33 4.00 
208-67 2.00 3.00 1.67 2.00 
208-68 1.00 2.00 0.67 2.67 
208-69 2.00 0.33 1.67 0.67 
208-70 1.00 1.33 1.67 1.33 
208-71 2.67 2.00 1.67 4.00 
208-72 1.00 2.00 1.67 2.67 
208-73 2.00 1.00 1.33 0.67 
208-74 2.33 1.67 1.67 1.33 
208-75 2.00 1.33 2.33 2.33 
208-76 1.33 1.33 1.67 0.67 
208-77 1.67 2.00 1.33 2.00 
208-78 1.67 1.00 1.00 1.00 
208-79 0.33 0.33 0.33 0.00 
208-80 1.33 2.00 0.67 1.33 
208-81 1.00 1.33 0.67 1.00 
208-82 1.00 3.00 1.33 4.00 
208-83 2.00 2.00 2.33 4.00 
208-84 2.67 3.00 1.67 4.33 
208-85 1.67 2.00 1.00 4.33 
208-86 1.00 2.67 1.00 4.33 
208-87 1.00 2.00 1.67 1.67 
208-88 2.33 1.33 2.00 1.33 
208-89 2.00 1.33 2.33 1.67 
208-90 1.67 3.00 1.33 2.33 
208-91 1.00 2.00 0.67 3.67 
208-92 1.67 1.33 1.67 2.00 
208-93 1.33 1.33 1.00 1.33 
208-94 1.67 3.00 2.00 2.33 
208-95 2.00 2.33 2.00 2.00 
208-96 1.33 0.33 0.67 1.00 
208-97 1.67 2.00 1.67 2.00 
208-98 2.00 0.67 2.00 1.33 
208-99 2.67 3.00 3.00 3.67 
208-100 2.33 3.00 3.00 3.67 
208-101 2.33 2.67 3.00 4.00 
208-102 1.67 2.00 2.00 4.33 
208-103 0.00 0.33 0.00 0.00 
208-104 1.67 1.33 1.33 2.67 
208-105 1.33 1.33 1.00 1.33 
208-106 2.00 0.67 1.33 0.67 
208-107 1.33 1.00 0.00 1.00 
208-108 1.67 1.00 0.67 1.00 
208-109 2.33 2.33 3.00 4.00 
208-110 2.33 3.00 3.00 3.67 
208-111 0.33 0.33 0.00 0.00 
208-112 3.00 1.33 3.00 2.00 
208-113 2.67 2.33 3.00 4.00 
208-114 1.67 2.00 1.67 3.00 
208-115 2.33 4.00 3.00 5.00 
208-116 2.67 3.33 2.33 3.67 
208-117 2.00 1.67 0.67 2.33 
208-118 2.33 1.67 0.33 1.33 
208-119 2.33 1.67 0.33 1.33 
208-120 2.33 2.33 1.67 3.00 
208-121 2.67 1.33 2.67 2.67 
208-122 2.67 1.33 3.00 1.33 
208-123 3.00 1.33 2.33 1.33 
208-124 2.00 1.33 1.00 1.67 
208-125 2.33 1.33 1.67 1.33 
208-126 1.33 2.00 0.67 1.00 
208-127 0.67 2.00 0.67 2.00 
208-128 0.67 1.33 0.67 1.33 
208-129 1.67 2.00 1.67 2.67 
208-130 1.00 2.00 1.33 1.33 
208-131 1.67 1.33 2.00 1.00 
208-132 2.00 2.00 1.67 1.33 
208-133 2.33 0.67 1.33 0.33 
208-134 2.00 1.33 1.00 1.33 
208-135 1.33 1.33 1.67 1.33 
208-136 2.67 1.33 2.33 2.00 
208-137 2.00 1.67 1.33 1.33 
208-138 0.67 0.00 0.33 0.00 
208-139 2.00 1.33 1.00 1.33 
208-140 2.00 2.00 1.33 1.33 
208-141 0.67 0.33 1.33 1.00 
208-142 1.67 2.00 1.33 2.00 
208-143 0.67 1.00 0.00 1.00 
208-144 1.67 1.33 1.33 2.00 
208-145 1.67 1.67 0.33 2.00 
208-146 2.67 2.00 3.00 2.00 
208-147 2.33 1.33 2.33 1.00 
208-148 2.00 1.33 2.00 1.00 
208-149 1.67 1.33 0.67 1.33 
208-150 1.67 1.67 2.00 1.67 
208-151 2.33 2.33 2.00 2.00 
208-152 1.67 2.00 1.33 1.33 
208-153 0.67 0.33 0.67 0.33 
208-154 1.00 1.00 1.00 0.00 
208-155 2.00 3.00 1.67 2.33 
208-156 2.00 2.00 1.00 2.67 
208-157 1.67 1.00 0.33 1.67 
208-158 1.67 2.00 2.00 2.00 
208-159 1.00 0.67 1.33 0.67 
208-160 1.33 2.67 0.33 3.67 
208-161 1.00 1.33 1.33 1.67 
208-162 2.00 2.00 1.33 1.33 
208-163 1.00 1.00 1.33 2.33 
208-164 2.67 2.00 3.00 1.33 
208-165 2.33 1.33 3.00 1.33 
208-166 1.33 1.00 1.67 1.67 
